0 0.198198 0.882883 0.234234 0.207207
0 0.227477 0.671171 0.157658 0.279279
0 0.227477 0.409910 0.265766 0.153153
0 0.434685 0.641892 0.166667 0.238739
0 0.605856 0.641892 0.139640 0.247748
0 0.783784 0.761261 0.270270 0.135135
0 0.434685 0.362613 0.238739 0.211712
0 0.328829 0.177928 0.252252 0.202703
0 0.603604 0.135135 0.270270 0.135135
0 0.666667 0.430180 0.153153 0.256757
0 0.828829 0.288288 0.171171 0.279279
0 0.880631 0.628378 0.238739 0.229730
0 0.950450 0.286036 0.099099 0.148649
0 0.918919 0.105856 0.153153 0.202703
0 0.945946 0.504505 0.108108 0.180180
0 0.876126 0.934685 0.139640 0.130631
0 0.191441 0.056306 0.283784 0.103604
