0 0.218468 0.298206 0.238739 0.210762
0 0.317568 0.253363 0.193694 0.183857
0 0.432432 0.197309 0.225225 0.251121
0 0.601351 0.143498 0.265766 0.260090
0 0.698198 0.390135 0.207207 0.251121
0 0.858108 0.302691 0.157658 0.282511
0 0.900901 0.504484 0.198198 0.165919
0 0.849099 0.679372 0.256757 0.183857
0 0.659910 0.679372 0.175676 0.291480
0 0.594595 0.515695 0.144144 0.188341
0 0.090090 0.423767 0.171171 0.165919
0 0.369369 0.843049 0.207207 0.286996
0 0.454955 0.652466 0.207207 0.192825
0 0.533784 0.878924 0.193694 0.242152
0 0.754505 0.914798 0.292793 0.170404
0 0.907658 0.789238 0.184685 0.197309
0 0.047297 0.874439 0.085586 0.251121
0 0.173423 0.881166 0.220721 0.228700
0 0.168919 0.665919 0.274775 0.139013
0 0.412162 0.457399 0.328829 0.134529
