0 0.139640 0.497758 0.270270 0.143498
0 0.141892 0.708520 0.220721 0.286996
0 0.409910 0.544843 0.171171 0.273543
0 0.542793 0.217489 0.355856 0.237668
0 0.576577 0.053812 0.315315 0.098655
0 0.799550 0.109865 0.166667 0.210762
0 0.927928 0.123318 0.144144 0.237668
0 0.835586 0.426009 0.283784 0.286996
0 0.925676 0.334081 0.148649 0.165919
0 0.581081 0.387892 0.207207 0.282511
0 0.574324 0.643498 0.274775 0.237668
0 0.804054 0.771300 0.139640 0.286996
0 0.668919 0.852018 0.193694 0.295964
0 0.916667 0.827354 0.166667 0.345291
