0 0.353604 0.896861 0.238739 0.206278
0 0.556306 0.921525 0.283784 0.156951
0 0.186937 0.751121 0.337838 0.201794
0 0.421171 0.650224 0.256757 0.143498
0 0.216216 0.560538 0.234234 0.143498
0 0.189189 0.372197 0.279279 0.269058
0 0.396396 0.363229 0.198198 0.286996
0 0.238739 0.152466 0.234234 0.295964
0 0.702703 0.735426 0.333333 0.143498
0 0.759009 0.560538 0.310811 0.179372
0 0.887387 0.298206 0.225225 0.139013
0 0.873874 0.419283 0.252252 0.139013
0 0.943694 0.688341 0.112613 0.345291
0 0.545045 0.403587 0.144144 0.304933
0 0.472973 0.130045 0.171171 0.251121
0 0.900901 0.073991 0.198198 0.139013
0 0.907658 0.174888 0.184685 0.125561
0 0.074324 0.450673 0.139640 0.147982
0 0.038288 0.600897 0.067568 0.179372
0 0.087838 0.125561 0.166667 0.242152
