0 0.100897 0.208520 0.192825 0.201794
0 0.309417 0.201794 0.233184 0.251121
0 0.585202 0.399103 0.309417 0.206278
0 0.643498 0.511211 0.309417 0.161435
0 0.246637 0.515695 0.295964 0.224215
0 0.556054 0.677130 0.278027 0.179372
0 0.634529 0.786996 0.210762 0.165919
0 0.820628 0.690583 0.179372 0.269058
0 0.706278 0.910314 0.165919 0.179372
0 0.910314 0.125561 0.179372 0.233184
0 0.661435 0.114350 0.139013 0.219731
0 0.827354 0.071749 0.174888 0.134529
0 0.334081 0.878924 0.174888 0.242152
0 0.493274 0.876682 0.197309 0.246637
0 0.901345 0.914798 0.197309 0.170404
