0 0.308559 0.887892 0.220721 0.224215
0 0.315315 0.706278 0.297297 0.147982
0 0.200450 0.616592 0.301802 0.237668
0 0.139640 0.374439 0.270270 0.237668
0 0.092342 0.497758 0.175676 0.125561
0 0.563063 0.650224 0.225225 0.224215
0 0.700450 0.556054 0.310811 0.161435
0 0.786036 0.710762 0.211712 0.130045
0 0.813063 0.836323 0.283784 0.174888
0 0.385135 0.286996 0.283784 0.161435
0 0.168919 0.085202 0.175676 0.161435
0 0.373874 0.114350 0.180180 0.219731
0 0.563063 0.118834 0.243243 0.228700
0 0.709459 0.434978 0.292793 0.170404
0 0.840090 0.060538 0.319820 0.112108
0 0.691441 0.932735 0.238739 0.134529
