0 0.209459 0.091928 0.148649 0.174888
0 0.328829 0.255605 0.297297 0.152466
0 0.619369 0.154709 0.319820 0.210762
0 0.608108 0.345291 0.162162 0.206278
0 0.833333 0.311659 0.270270 0.192825
0 0.738739 0.506726 0.135135 0.233184
0 0.558559 0.466368 0.234234 0.242152
0 0.849099 0.679372 0.301802 0.201794
0 0.664414 0.704036 0.184685 0.197309
0 0.240991 0.390135 0.319820 0.215247
0 0.171171 0.630045 0.171171 0.309417
0 0.319820 0.721973 0.198198 0.286996
0 0.236486 0.939462 0.229730 0.121076
0 0.574324 0.926009 0.202703 0.147982
0 0.427928 0.607623 0.180180 0.192825
