0 0.083333 0.858744 0.157658 0.246637
0 0.159910 0.917040 0.148649 0.165919
0 0.659910 0.878924 0.256757 0.233184
0 0.684685 0.719731 0.378378 0.183857
0 0.385135 0.647982 0.292793 0.228700
0 0.682432 0.410314 0.211712 0.318386
0 0.844595 0.262332 0.202703 0.327354
0 0.481982 0.107623 0.270270 0.206278
0 0.466216 0.300448 0.247748 0.260090
0 0.416667 0.459641 0.274775 0.174888
0 0.261261 0.273543 0.153153 0.251121
0 0.087838 0.260090 0.166667 0.242152
0 0.117117 0.493274 0.225225 0.251121
0 0.268018 0.085202 0.166667 0.161435
