0 0.179372 0.596847 0.233184 0.319820
0 0.408072 0.759009 0.152466 0.292793
0 0.298206 0.900901 0.174888 0.198198
0 0.538117 0.876126 0.170404 0.247748
0 0.764574 0.835586 0.291480 0.247748
0 0.578475 0.612613 0.340807 0.162162
0 0.477578 0.288288 0.210762 0.234234
0 0.825112 0.432432 0.260090 0.234234
0 0.735426 0.245495 0.224215 0.220721
0 0.244395 0.234234 0.309417 0.189189
0 0.161435 0.083333 0.313901 0.148649
0 0.804933 0.069820 0.237668 0.130631
0 0.596413 0.157658 0.170404 0.216216
0 0.486547 0.096847 0.201794 0.184685
